-0.0477192296200391,-0.0481025011867165,0.00986983434153623,0.0258948474814755,0.0772678563025561,-0.0318209891053411,0.0447402336594588,-0.000229632083346125,-0.00924931633468746,-0.0116254541653883,0.0694445109539744,-0.00216857756394523,0.00445079906496834,-0.0767633643805724,-0.00275827415391712,-0.00397736893558426,0.0235277695576344,-0.00184566652402993,0.00859501342720692,-0.00884746119456476
-0.0581381952698298,0.110874969681665,-0.0472868788517574,0.00887402965390348,0.0078285288440789,-0.0419901396790074,0.0913843873724916,-0.0944392829950377,-0.0522077110242639,0.0280880466435226,0.042493470361313,-0.0401627814641113,-0.0456924834657693,0.0420070345065932,-0.00867919274084031,-0.0634744255762286,0.0273638491379763,0.0739552882583176,-0.037210378980962,-0.00389186432426463
-0.0379229853857491,0.0188867848603592,0.0280413872784957,-0.00142589803046165,0.0785462149954643,0.0266236472199906,0.00803682957695664,-0.034853704660818,0.0304284823803375,-0.0408153404020251,-0.00542730061937914,-0.0200527861988384,-0.0514256092090732,-0.0238785269664255,0.185227232280458,0.0333749809223215,-0.0277469778392329,-0.00767249068861113,0.0377897542740597,0.00461568330213324
-0.0470798297381942,-0.0468905836169337,0.0600332481069238,-0.058714954937474,0.0291566784292644,-0.0362227396424952,-0.0124974446586579,-0.044215115770648,0.0584023404752869,0.0362950742401245,0.0179645689201371,-0.0300817824328544,-0.0122490741830768,-0.0420133423003864,0.045878674488726,-0.0775005450750588,0.0584580119100123,0.000847873363837288,-0.00738486762654334,0.0526908518974043
-0.0680311114046366,-0.0362005827915295,-0.0434900526389569,-0.0154162878594401,0.0638823543339004,-0.00326199017469186,0.0453810175579849,0.0463535451031215,-0.0262964454672783,0.00997555524038989,0.0957643005928184,-0.00710825856522622,-0.0316580187975923,-0.0412527275579865,-0.102860206992367,-0.044031642198123,0.0114899427331082,-0.0125770567865396,-0.0148235910528826,-0.0741896622979537
-0.0691723319900731,-0.0556439757259192,-0.0403482989582466,-0.0121836026540444,0.0597133012212426,-0.0302622121494919,0.0569351510074076,-0.00392524188349501,-0.00146206535863642,-0.039423353042761,0.0168472997725395,0.00991858780335059,0.0503327423704763,-0.0588592039396723,-0.0231335390200303,-0.0213687148053539,0.0159935973690001,0.00340018152925143,0.0159192478416613,-0.0310563096061595
-0.0483555444707241,0.0375618414696842,0.0666766612299379,-0.0189373541178345,0.0786825325592281,0.0331645326243906,0.0397930710623409,-0.0541073067252231,0.0311107858058305,-0.0297981381243701,0.0524306954180492,0.0939035458345009,-0.0080184111361842,-0.0245855667942689,-0.0302955478695431,0.0122200629450974,0.00222256861269469,0.0400617630243513,0.0267314862430012,-0.0153839089877846
-0.0516469541029264,-0.0195050855956868,-0.00197394140307786,-0.00563587391905109,0.0264653251950805,-0.0256680709011094,-0.0101025323391389,-0.0619051798850441,0.0713845857741118,-0.0323308467607832,-0.0180295702634866,-0.0049947619672594,0.0090235744621734,-0.0478802381623963,0.0256169114279035,0.0164736735357095,0.101547598569105,-0.0513086759369821,0.0295010320896852,-0.0146248894866602
-0.0761617907062966,-0.0210782462655276,-0.0207222197227741,-0.0470419359837915,0.0182260970807337,-0.0337961215606413,0.0107074296419491,-0.0573607689543927,-0.0221909300862671,0.035853243879944,0.0641794625796546,-0.00393688315459462,-0.0234313619533762,-0.0239354726967487,-0.0266047364722138,-0.0265950071337732,0.0171043519463487,-0.0035038168343837,0.00886036150668902,0.00335968375822897
-0.0107861893094238,-0.0213184819874537,-0.0635122752481324,-0.0355212509224911,0.0224071142401578,0.0486786539261313,0.0072004543167138,-0.0629342694858966,0.0522777511547364,0.0321682063313795,0.0460122356883,-0.00769354360820344,-0.0556352221075161,0.0491763453531257,0.0352990076301046,0.0252266615554397,0.0930297093299798,0.0417958987124751,0.0662002163805362,0.0194721732402991
-0.0152682422977349,0.0238815163078691,-0.0141210418705399,-0.0039911740914611,-0.0398053344110215,-0.0293057379923849,-0.0925043119739461,-0.0514392995818042,0.079854950369822,0.0673241854670564,0.00227182183441227,-0.0171296068922168,-0.0344416200051587,0.0343056101619128,0.120892552715036,0.0348962528148202,0.0162408143559878,-0.0088962349731881,0.0685596589048784,-0.010427309735901
-0.00982330002245245,-0.0165130421345973,0.0640953601418303,0.0468313903628353,0.0913259819697961,0.00484684399300974,-0.023151751982756,-0.0413676192574373,0.0978182979959722,-0.0277274309234085,0.00275669016560953,0.00587519197212658,0.00483081100707173,0.0248357766948191,0.0584494779561804,-0.0411406804172375,0.100452649591899,-0.0175709375954692,-0.0249724741350287,0.023348542165459
0.00807527165484258,-0.0302624831678201,-0.0263286440885233,0.037504939757751,0.0323099003347534,0.0344420553924752,0.02015572200486,0.00457141484763947,0.103474550030889,-0.110606660312347,-0.000891744754932874,0.000931469459536888,0.112353928421934,0.0759533739301608,0.0892404771513869,-0.0386450405091133,0.0577199570075148,0.0386415976114636,-0.0524065365631964,-0.0184436207569728
-0.0314680099488473,-0.0817940407869411,0.0118029984981474,-0.00256538434263946,0.0973836509879127,0.0128172402255129,-0.0091703388082834,-0.00550427493303075,-0.0138910048417724,0.0540061249548287,-0.000424568460335509,0.0677094746531361,-0.0130999231326841,-0.00588158361524437,0.0812276837842604,-0.0661198233400704,0.0395801758304928,-0.0965425968020331,-0.0850215226017789,-0.0398803163387697
-0.0181478573653829,0.0117881602315988,0.0743702464953241,-0.00267454533784961,0.0662311591485872,0.0213598516223759,-0.129754192932288,-0.0415169324944975,0.0146304681490711,0.0740917515054233,0.0218909632750687,0.0333943894861241,0.0358838644637668,0.0606473653689591,0.0530751583322532,-0.0783862736849547,0.057631553019287,-0.0124598699718743,-0.052336856846351,-0.072038575123751
-0.0616746805864783,-0.0509921246613583,-0.00821253039380502,-0.0339263255631803,0.100051402597665,0.0394655125592853,0.0061762304886598,0.00958754686229786,0.0879477858359597,-0.027349055343138,0.0529481273604193,0.0154349026938427,-0.0331817879382998,-0.0162005479809279,0.0479416511545468,-0.0132815956040395,0.0663651238886187,0.00694445268737452,-0.0373143972358757,-0.0490672349420151
-0.0157391096183634,-0.0373527519480455,0.0109649672456264,0.00532254572493491,0.021359649265769,-0.048464270188821,0.0334153535866643,-0.0225440404210702,0.0308988249172591,-0.068685478594986,-0.0784859643405991,0.0100497165914289,0.0056497391956482,0.0160907905516753,0.029686453413125,-0.0928456746162439,0.00147603850705202,-0.0135398839643257,-0.0291992451390428,-0.0216666671792937
-0.031020708711239,-0.055954157920003,-0.00290933807441016,-0.0168693463646951,0.00987780599153727,-0.016215425239373,-0.00445401546544912,-0.042719839944026,0.0228268319675483,-0.0621634142992297,-0.00819092503641852,-0.0128686833976066,0.0488217152562683,0.0212472353691594,-0.0294059740530364,-0.103985439969435,0.0203254504504144,0.00657041727415706,-0.0337381763685908,0.00942298940362533
-0.0761652989757314,0.0324352202872551,-0.034008501773353,-0.0444141057798659,-0.0190319449476131,-0.0353311684899854,-0.0528499565566704,-0.0562544369049058,0.000989043987722486,0.00752119358012157,0.045170800588611,-0.0773884420297561,0.0308839862516956,0.103187946438065,-0.0102169534041652,-0.0259473438489569,0.0617602112603589,0.0120807618727769,0.0236223924670542,-0.0249634522643247
-0.0502736641439068,-0.00858014617953159,-0.0609042518446637,0.0133829685044658,-0.0475529810758914,-0.0403470118191327,-0.0859814020442934,0.00593365826613768,0.0488756682851452,0.0194724017721055,-0.0163722136176969,0.0104132009560635,-0.00276172156626786,-0.0155554513598188,0.0825205363480697,-0.0165679107089005,0.0176074803427568,-0.085968872612524,0.0286223870946773,-0.0244393204510864
-0.0522573521949185,0.098188519211098,-0.0192413864228569,0.0354139797030379,-0.0155998908957414,-0.00857700164180295,0.140353497861484,-0.032446230622016,0.0596693989105527,0.0667009967810072,-0.0106424084108054,0.0123715475316932,0.0118614482131043,-0.0134279594195673,0.0510749171925074,-0.0671918419075215,-0.00564461566533828,-0.0534096072411746,0.00740152545936233,-0.0719551043198593
-0.0272947111642088,0.0656998157729365,-0.0278206699987173,0.00268103858684255,0.0586245099074486,-0.0413693647823316,-0.0776251916471531,0.00875544565018359,0.1057863075096,0.0403900129338628,0.00829269475119979,-0.0601288421242708,-0.0409124369015596,-0.0336249364739783,0.0109057047062658,-0.0129919222509345,-0.00459969784005602,-0.0256787938187432,0.0131536069210672,-0.0119608059226495
0.00589063403843223,0.00474254581279574,-0.0115464243730209,-0.043826683481684,-0.0379663986535935,0.0437706280756528,0.00823671587541896,0.0367004540181761,0.0789038222726755,-0.0266103713185747,-0.0719335913405586,-0.0660259225813797,0.0370145460590344,0.0627587644505739,-0.0185028853967695,-0.128330532337777,0.0275051843707492,-0.0520846349588381,-0.0392567355761094,-0.0143796109637814
-0.0240756678319024,-0.0859062601646961,-0.0413909270420067,-0.0134071999116341,0.0218169810145822,0.0240639496277672,0.0366394159193638,0.0188196654761027,0.0013264216681263,0.00484258029759468,-0.0284367363901208,0.0218533899666575,0.0258572588747686,-0.0750214142785705,0.0624112072086901,-0.060281685310876,0.0418715117518667,-0.0884233470098331,-0.123075141514319,-0.0699585797479073
-0.0582563585199665,-0.0815507048683599,-0.00672233089489664,-0.0790947154520839,0.0654065287505344,-0.0175794079581426,-0.0507508160533155,-0.0297386037319234,0.000855060789079977,0.0634850288519623,0.035175665154394,0.0433230174760989,-0.0283865380330867,0.0100967859752258,-0.0237858390461511,-0.0311600036722524,0.0438121183628225,-0.0463866672794765,-0.0279015592007203,-0.0282798055154555
-0.0390357114246483,-0.0315893726496584,0.117645316992153,-0.0213470589189045,0.0576526180969615,-0.0215034127248005,-0.0277964717076422,-0.067427208079695,0.0333335908288456,-0.008125381697561,0.011133785912111,-0.0536976840163326,0.01919970191056,-0.032862275909027,0.0360609068820039,-0.00732809669251548,0.0382473924504695,0.0124415886553357,-0.0266100544033108,-0.0235984347319485
-0.0755676961189661,0.0297172429538378,0.0776046623291552,-0.0250687549986175,0.033030129761408,-0.0520210025502625,-0.029767907817018,0.00371459395194433,-0.0132441449352976,-0.0516046119009214,0.0766624852409828,-0.0783526588144158,0.0392892356736688,0.017402366216927,0.0219544722815566,0.00137849574106534,0.015219923384508,-0.0356092606770134,-0.00195589938369672,-0.0238170039156479
-0.0843852213404071,-0.0237110823349981,0.0425391194661011,-0.0213109082629761,-0.0275907740683436,-0.00717237533478911,-0.0165890205352962,0.000941292789196995,-0.060385594562898,0.00841620215108858,0.0621866360616063,-0.0657770013125274,0.0277183558599825,0.00181996134846162,0.0244253886216625,-0.026781331487741,0.0136251502263245,-0.0852415045463821,0.0393871714610756,-0.0660517964809516
-0.038539809141497,-0.00425655151383083,0.0851424847224424,-0.0250052720075973,-0.0409696428880184,-0.00923278114533247,-0.0226653163055701,0.00553472977951806,0.0414862316078638,-0.0366967950137755,0.101472077626335,-0.0522920475925633,-0.0361201452213119,0.0213002187287838,0.0292157282334767,0.0143745234125613,0.0425209065742151,-0.0671687541038542,0.0174189577057612,-0.0375723465293217
-0.0906819536462222,0.00231796518551493,-0.0354380291288573,-0.0184295803562925,0.087826646116896,0.00143273735628833,0.00820821971908353,-0.0610791887673018,0.00847935673811839,0.0134282738757136,0.0325584822357605,0.0223481498624961,0.00383027765898005,-0.0204943555381661,-0.0157809119588971,0.00143337281830479,0.0403080929778974,-0.0330464319781016,0.0409144802916893,0.00878687247761382
-0.0118104686364066,-0.0366769292672197,-0.0178506173369775,0.0467459539312437,0.00861983745104329,-0.0274488755645969,0.0213576892485354,-0.0354377330301048,0.0480654155412569,-0.0390801603074305,0.00589938400712064,0.139355174566137,0.0899949579115337,0.0895912961824751,-0.017999837534768,-0.049847061790998,0.0105329607578754,-0.0112078869583049,0.0050276657111741,-0.0309932726501703
-0.0275512956139073,-0.032166736042248,-0.0634337463481134,-0.0259708618771193,0.027132558044576,0.00767703993059993,-0.00294519300312131,0.0207284355833274,0.0320789450087798,-0.0663150176458409,0.0349422185238676,0.0606890801445453,0.0102213256839627,-0.051159659280831,0.0567624778243442,-0.0240616914066547,-0.0680680913103894,-0.0496162027159904,-0.0240767587485984,0.147190777298441
-0.0527445574458931,-0.00439480971300379,-0.0280310178460935,0.0391458943272448,-0.0216920180934151,0.0210224630827142,-0.00665161559028806,-0.00747914730984921,0.0647370601525869,-0.05381615766249,0.00362143293224287,-0.0158855488003717,-0.0444544591117559,0.0697270822901088,-0.0320542512304721,-0.0375556422783451,0.0377932039114609,-0.0392162065643172,-0.00564466435053959,-0.00824288595335879
-0.0611728543262296,-0.0260571918607853,-0.00924139870500898,0.0288621729771649,-0.0477671968691629,-0.0175517424275381,0.00147241527095325,-0.0691863688252267,0.061169519698265,-0.079758250979376,-0.0623985378678529,0.0247434923017219,-0.0100146830846969,0.0505269596726469,0.0333020433822704,-0.0435230501977973,0.0674943078554985,-0.0813824556645564,-0.0342534653513737,-0.0451713763412807
-0.0163834919998687,0.02012098465939,-0.0220796238568581,-0.0382465260302197,0.0895398619628132,0.0845743014129731,0.0359350750435075,-0.0182132424911387,0.0278307779560837,0.069208636038093,-0.0710951747001245,0.0238653775118219,0.0302126878645307,0.0842176085456745,0.0480114908503467,-0.0133268824824427,0.0477406323750145,-0.0663118762270572,0.00269289180226058,-0.0240565591108334
-0.0325218769293884,-0.0365676999251421,0.0580326302709033,0.00600727194295612,-0.00445351821337702,0.0723158615315422,-0.00787371257867376,-0.0937394567094694,0.0480084152470803,-0.0146011987567575,0.00662086333534359,-0.117844652197861,0.0129366101545,0.054135463833377,0.0421870984801789,0.0271868346755145,0.0833064671476965,-0.0183561664302675,-0.0796182158830186,-0.00860584609286648
-0.0280031794356739,-0.0184974701994401,0.00258401149932661,-0.0947440382685593,0.0104716389946835,-0.0461542848614817,0.0464283112920221,-0.00231984353332808,0.0593816569898077,0.0151173043114008,0.0587829223567254,-0.0402756302793322,-0.0258595642431974,-0.0116225537043177,-0.0174838156864103,0.0160451457986577,0.0276251270853715,0.0371357293002927,-0.0721579593988215,-0.0886749295663841
-0.0416502198499733,-0.0642174738707849,-0.0140456926783509,-0.068621777797342,-0.0392181815002155,-0.0367078014065249,0.0252179376676552,-0.0340524701811947,0.0865053903506515,-0.02839070634688,0.0293108602736436,0.000501647447559863,-0.00249248452291596,0.0956636651113458,-0.0383903796810515,-0.0651734539527146,0.0629216652785987,-0.0221176817748654,-0.0842162432632151,-0.00211996899420392
0.00348143075590357,-0.00139419664618487,-0.00656228239089597,-0.0124838635814622,0.0709430173864006,0.09457887993728,0.0806085978289246,0.0158851206228307,0.0475579899670842,-0.00553381297669737,0.00513509435049558,-0.025404457938897,0.0705048707119953,0.00609204119459506,0.0719033854560783,-0.0548793687167727,-0.0158460964555672,-0.0564919601891271,-0.0391914972552625,-0.0233693718698187
-0.0297582072475176,-0.0211381595076336,0.0341999120406113,0.00944159283753974,0.12692184579018,0.0678595176765312,-0.0845228010311023,-0.00943495639551317,-0.00786506378028758,-0.00418940156350906,0.0112601975596798,0.0365468159675197,0.0624730787747816,0.0199735521995477,-0.0165762390212955,-0.0615917494256431,0.0192619624253882,0.0334988305562216,0.00108833839719911,-0.00517208085555684
-0.0450446080439102,-0.0468685516391903,0.0200666028335404,-0.0176334630256789,0.0292086879452929,0.0411939121860376,-0.0798636957152484,-0.0371283360380585,0.0334831246554297,-0.0820721114247414,0.0967306643741972,0.034083305870259,-0.102666985956968,-0.00117023926171327,-0.101277135166165,-0.0123786684513506,-0.0165741909667153,-0.00676198124521641,0.0731785700733712,-0.0149163444228405
-0.0330120628855753,0.0989806645811599,-0.0512902293987887,-0.0225948658823953,-0.0221357294313132,-0.0817058950810875,-0.0585620912580822,-0.0634257034471487,0.00606267472316346,0.00101764138216576,-0.0229240506304588,-0.0391191908260365,-0.0513646519571288,0.144934817327424,-0.00880574930623265,0.00913102294465564,0.0143561831148974,0.0608927075151981,-0.0398967520165634,-0.0121271431917646
-0.0138335864308437,0.0171972884319329,-0.0185022736015342,-0.0733763326309418,-0.0144317913449856,0.0839835442024486,0.0559182767138041,0.00445032665565296,0.0186564508996798,0.0188783852438812,0.00133139033817755,-0.0423386463150507,-0.0463725239884832,-0.090303243581959,0.0502615898389858,-0.0633413001615899,0.00190997017543578,0.00383591529010426,-0.0239395820390902,-0.0128983302286133
-0.0404299382643314,0.021464539150789,-0.0622801188477071,-0.000422239590622537,-0.018231187714413,0.00706289124240227,-0.0379986949654326,-0.0736377982416763,0.00419527450135094,0.00675475193372774,-0.0273827915700585,0.0360394985132439,-0.0309321013278355,0.0321039089738492,0.0360011654600046,-0.0583361674543065,0.0953761493833548,0.0159380924646598,0.0138329034267935,0.0151620029217961
-0.0696067627835963,-0.0500582037951599,0.0475499291403537,-0.049206641149256,-0.00792940133712881,0.0206984290008679,0.0182464747923854,0.0304029338248141,0.0461371975666424,0.00193183589042053,0.090448778064425,-0.136743448625302,-0.0119574414783998,0.0258424732222843,-0.0291603372693261,-0.011474514978223,0.0188924363364079,-0.0433882667959281,0.00613615373394001,0.0148706806169152
-0.0782630181513909,0.00551435524644746,0.0034297634139541,-0.033208723510853,0.0705066925078001,-0.0210407770513421,0.0195108076075139,-0.0734959438542635,-0.0279870350994111,-0.0789787621529451,0.028746144160689,-0.102094515663413,-0.0652872227754129,-0.0465813722073355,-0.00710630506198012,0.039000094971239,0.0090371647005086,-0.0169377238372929,0.0468988808279016,-0.0101330166414184
-0.00544611633982597,0.0358606317875182,-0.0307224865228532,-0.00253654168079447,0.0982420683397011,-0.0471035558799733,0.0119499768028264,-0.0626836787468388,0.0236281260249647,0.146735481401488,-0.0229741527724149,0.0627355093831572,0.065420810711663,-0.0145074885869579,0.115682314097166,-0.00470907507445863,-0.020477581229892,-0.0220722653476298,-0.0607836151444961,0.01779199864991
-0.0525169302428807,-0.0652507921380706,0.0350943578956857,-0.0468939768130348,0.0078534453442443,0.0170014401281294,0.0169513299976682,-0.0884111957611479,0.0625732499582053,0.0049511414740582,-0.0427143017403344,-0.0383214721177031,0.0219922057448132,-0.00251557427749762,-0.0172438262548352,0.0250396810701282,0.0413797651946271,-0.0173294793211896,-0.0427259204666324,0.018236448905862
-0.0409709791075738,-0.0117562845919301,0.064701475623549,-0.048702625152991,0.058118440067464,-0.012882265585725,0.0480878670553355,-0.0162648602097536,0.0368117119153788,0.0369983990016888,-0.0434808965781345,-0.0210311944393533,0.0566924658779777,-0.0382272108646712,-0.0822133731042616,-0.114999531914888,0.0599114542773415,0.0212619766152861,-0.0283537474510095,0.028256337319715
-0.0145649509801148,0.106464819813643,0.0199907135407988,-0.000180411469445587,0.0448456679206057,-0.0374289338694456,0.0679704849117245,0.0610793113475847,0.0801663036800474,0.0283769422354485,0.0118910022529536,-0.0196343687538594,0.0651356821370714,0.0382795636396447,0.0394209808791756,-0.0819774907412115,0.0397567035854958,-0.0416456072913137,0.166628389070548,-0.0958206453488556
-0.0357687615510466,0.0673765089309643,-0.0602359914332574,0.0423974108709772,0.023598376423871,-0.0139064320841479,-0.0788766149712494,-0.0405637712548537,-0.0416942365599507,0.0198996942401314,-0.0166663769800976,0.0547369016996173,0.099787989755424,0.0451615381968904,-0.0222309217829781,-0.04935494701996,0.00501002391370295,-0.0429541035638957,0.0510129996186229,0.0456568546440239
-0.016485259789637,0.00672493448352226,-0.0351958808579812,-0.0574107075356658,0.0429994640071364,0.073947914935893,-0.0244430653646883,-0.00916536522014828,0.0499495183001307,0.105394716441284,0.076445929742668,0.0590079619956932,0.0224466396359344,0.00546079644216371,0.124283075823393,-0.0138244252405173,0.0399892905596617,-0.00663091617658226,-0.0861954965276501,-0.0410318940712514
-0.0479269971280347,0.0680356856659795,0.0318854590467534,0.0540265322921065,0.11280865847299,0.0142107540387328,-0.0616449704614052,-0.056769503813445,0.0456696956763937,-0.0524074694802558,0.0436223228668237,-0.0364476345454899,-0.0140349567948265,0.0255602039556669,-0.0216675737699434,-0.0458126028882269,0.0703649290205357,0.00469617296815501,-0.00678739395587358,-0.00200320017879106
-0.0917036238598896,0.0255985309959338,-0.0486891098554021,0.00550167120280954,0.119465628909665,0.0488249071442583,-0.030196567696436,-0.0528363800044161,0.014299913764949,0.0486448288259835,0.00342763179012379,-0.0445977020231333,-0.0157977801896402,0.00889193600414642,-0.0664619310401673,-0.0563262479183069,0.0618723892686643,-0.101030617490578,0.0209127398340527,0.00881332242496095
-0.0254230592830612,-0.0569050097624386,-0.00618610022442794,-0.0831033728229438,0.0420645165642468,-0.0347860572614864,0.0598080641131798,-0.0595703210740524,0.0315894856522823,-0.0346290261392582,-0.00968993941475779,0.0794638588197205,-0.0196839661086279,0.0304715983202396,0.039547127993668,-0.0419908867561941,0.0417623849252223,-0.0191195652846742,-0.0125056702760663,-0.0345763097342737
-0.00973976177719876,0.0799723473766376,0.145626063753541,-0.0370551736064888,0.00392655465562392,-0.0470278789965378,-0.0558906233972137,-0.0229878685677426,-0.023052094534048,0.0521371049780024,0.108935310323972,-0.0069491767404273,-0.0055956929142353,0.00998358657777984,-0.0431097249730025,-0.0398864129791513,0.0464317075406,-0.0205522175444226,-0.00995305460667536,-0.00428780617387717
-0.0742980878985142,0.0584147368266771,0.0190801746444392,-0.0623229372738056,-0.0261743875828106,-0.0447362537313738,-0.0173072671266618,-0.0542490221012863,0.00357050821657913,-0.0116109035456622,0.0683531618625229,-0.0170027473151066,-0.0565337948755385,0.102284655476193,-0.00059027721152704,-0.0267539293035877,0.113208126535016,-0.00938651314435278,0.073832378949141,0.0210035559839563
-0.0367795018047472,0.0233470554160084,0.0194971886357931,-0.00713154478704717,-0.0962195056825056,-0.0369299744857007,-0.0172704313387202,0.0191392486833554,0.0285959884963195,-0.00575840277755628,0.113304506667556,0.0174881752783661,-0.00398296806822412,0.0685584904156208,0.0259490097194153,-0.0133284007509063,0.00121773215137976,-0.0564846554265463,0.0266491138997661,0.00165282253679352
-0.0181164870774969,0.0235858495608625,0.132287542395683,0.0104315964784227,-0.0477116356710324,-0.010187427573889,0.0325349602418884,-0.0111104843356074,0.0959733647966748,-0.023203286247822,0.125284028590388,-0.0120496874456684,0.027971184604093,0.0725018067092933,0.0352273369846771,0.00987514540285562,0.0514083502401263,-0.105297293961663,-0.0023659656976821,0.00848962782191363
-0.0166814575963726,0.0801627347034138,0.0741399497047675,-0.157742078957298,-0.0262772731812876,-0.00421355073546715,0.102572895986291,-0.102057701254674,-0.0738713057464094,0.00535263733208532,-0.00164211239501934,0.0299180377679515,-0.0357146641937131,0.055694647596785,0.0649936193895912,-0.0553264642829065,0.00412111361232468,0.0812810231882065,0.0345194016220686,-0.0372507954534797
-0.0574427879163494,0.0488827968778823,-0.0109899250347391,-0.00702410692761442,0.0475995077665022,0.0357852680169561,0.0958897353162601,-0.0430024580235252,0.0378703479692178,0.0171557872416617,0.0415900065636869,0.0487952692510589,-0.0259073211163768,-0.0266253001191655,0.0201086676974281,-0.0685931884662663,0.038822685771263,-0.030152254798992,0.0482586134412544,0.00982029715268462
0.00336793980299831,-0.00645394282217243,0.0715655347765971,-0.0264435385136658,0.0205172445669629,0.0617702079227015,-0.0103646255425599,0.0115321950456584,0.0266294561294767,0.0995149765348205,0.0138831964582472,0.0196845765171621,-0.0153968616852924,-0.0116582254389116,0.0262121476475439,-0.0870863387915707,0.0176403521821918,-0.0354033359075724,-0.0357020821061019,-0.0415281372049459
-0.0259144359491783,-0.04729297060707,-0.0560441402743298,-0.00269935307462759,-0.0113401417805243,0.007988773555181,-0.107731025545769,0.0195975863503343,-0.0320936646859079,-0.0794511498434534,0.0351463250018728,0.0667043788480897,-0.0717541483902389,-0.0262434894635082,0.0163296752666576,-0.144149686310838,0.011949547704278,0.04201717572759,-0.0383767215167706,0.010661139254531
-0.0502417687454253,-0.092751220928372,-0.0586110916180805,-0.0365193992340961,0.0384411914831702,-0.00788160073625981,-0.0217474818100425,0.0115003641700664,-0.0147571303772421,-0.0636042664691038,0.05290427476016,0.0403167315039294,0.0160610740538709,-0.0129070334070096,0.0490874898754933,-0.0589103393647089,0.0125422053846268,-0.00922886473362344,-0.0291120886254204,-0.0254275468134469
-0.0608829398618301,0.0542191131846801,-0.0186145991640925,0.0169701516734525,0.0779845925318821,-0.0189866107051391,0.0121799354429035,-0.00635973408482549,0.0285095340799854,-0.017250309805113,0.0671157042796623,-0.0208810326571963,0.0185703119109555,-0.0388556932876816,-0.0269813390519201,-0.0485539033245137,0.0255692929653182,-0.0206196017305495,0.0150367606465316,0.00243450384802441
-0.0279770280395894,0.0263045354936732,0.0329945192415749,0.0648118075797316,-0.0689126774676584,-0.100496290036002,-0.0234864390643116,-0.0833312888620205,-0.0243575953270674,0.0735489807723701,-0.0497266734154244,-0.00863284813540015,0.0721237686732475,0.0127148840087022,-0.0975116497571033,-0.0583068704446683,0.0210723523150087,-0.0392502394672433,0.0307626191966718,-0.0998459535208974
-0.0684343910449036,-0.00836339514448683,0.102518132333128,-0.0470607950608556,-0.0158627672408794,-0.054832993700078,-0.0379129186308093,0.00507224255135982,-0.0303144694543005,0.00136473375512746,0.0821808357358954,-0.0376095484209772,0.0771147000988338,-0.00509339358601305,0.0509623530114721,-0.0118511463372591,0.0254179264657931,-0.0584691360513526,0.0395920541100588,-0.0287889066887173
0.0104289102342449,0.0456401117860797,0.111913578699518,0.00717101021746078,-0.0184809686259491,0.00312195608881915,-0.024868330776613,-0.0446898983630649,0.0297450209647091,0.0140928975302258,-0.00897677379999563,0.00923867401602161,0.00848508937059506,0.0396636651528448,0.0730949629779775,-0.0983587423885628,0.00550939958424158,-0.0322978428959911,-0.050811841180056,-0.038732200891019
-0.00745462050104197,0.0504057854595586,0.0114706838957953,-0.00772710078182241,-0.0472601253458095,-0.00687476975409786,0.0042106623076422,0.0276379811091918,0.0254368655287208,-0.0538387574894274,0.0912770742645472,-0.0072327341966856,0.0133578968174671,-0.00524528808888871,0.055590743711936,0.0095018099676779,0.00963125207626873,0.0205839829105496,-0.0121069571093299,-0.0547833244940434
-0.040276106767424,-0.0831607653263755,-0.0834265220331638,-0.0446763779295688,0.0655395618724566,-0.0153651235641408,-0.0116466363222502,0.0101661494882987,0.0190191520338756,0.000105961356984458,0.00748331210442656,0.0955116159300253,0.0964853345856663,0.0371933495007606,-0.0400166630898693,-0.0356311222887859,0.00350546498559099,-0.0463696209705813,-0.0412986730445397,0.0138617856538567
-0.0503791825550354,-0.0317510570156205,-0.0192035377074235,-0.0788748956444912,0.0364253071831101,0.0602622258778875,0.0523570310202323,-0.00147328823365673,0.0250798345188371,-0.0178862251002968,0.0457701761053756,0.00231501868460187,0.0767110422703496,-0.0690795340064583,-0.0201403198306239,-0.0352022660799181,-0.00807807221181516,0.0161023275785534,-0.00199778892885689,0.0221636686667772
-0.00572733824481093,-0.0546210938637685,0.0583318199216885,-0.0732904215062821,-0.076185964203293,-0.075497631273594,0.00166187000042858,0.0108747458176714,0.133848999906976,-0.0192399525565508,0.118270211011677,0.000657193187093608,0.014745395513356,0.10066089591655,-0.0024162701451817,-0.0526588091134729,0.0793651980763517,0.0572548388946398,-0.088025859860881,-0.00517173147105777
-0.0791162279513483,-0.000358316180279952,-0.0206663310150061,-0.0546945769519383,-0.000998308000666583,-0.0227110757338048,-0.00451611472709014,-0.0128159891962796,0.0444776854952447,0.0176444879465435,0.0204696477088058,-0.0226868373330558,0.020500281141431,0.0731798823677251,-0.0163830559693231,-0.0461797064655719,0.0550892377090309,-0.0549695125357935,0.0126779649905696,0.0100541349590041
-0.04597091320904,-0.0487936999124059,0.0299021415224531,-0.02395686905565,-0.0877073671948363,0.00159289945402225,0.0361985750672833,-0.0338031779932451,0.0680089081953621,-0.00655887081313391,-0.0295593477376498,0.0397036702034575,-0.122452352837841,-0.0663012262553217,0.033038759101193,-0.0587117269801977,-0.0284261621401435,-0.0667097493810725,0.0574885687048844,-0.0408778909044794
-0.0570347617950598,-0.0155748464090104,0.0268757148823206,0.0858225013899294,0.0235455401452592,-0.0573568541230477,0.0127360806729997,-0.0450158507906663,-0.0825363388197271,-0.0295318266158052,0.0738822935323049,-0.0266678604308396,0.00517372251850544,-0.0817706387212887,-0.0306773074004351,-0.0201716271383445,0.0124152759138733,-0.0267364470663132,-0.0250302446817602,-0.0319069238450513
-0.0135740287526549,0.0886945279946281,-0.0480946183832605,-0.0402397121576922,-0.0341631418791504,0.0170812729998462,0.0542179721778414,-0.127214972935131,-0.0172497323853462,0.0228260106880333,-0.0312234508885109,0.0390167176110177,-0.041245567467424,0.0526448168559768,0.0199429233577646,-0.022976777770513,0.0130230829537716,0.0792780393418627,-0.0371751661418178,0.00526917001605334
-0.042951743714643,-0.0428700221237175,0.0662111002675152,0.00685652014043965,-0.0074397961527037,-0.163559395243827,-0.00378708528592607,-0.0258180942698045,0.0132229514956249,-0.0141363740042559,-0.0304000393073299,-0.0286126631488864,-0.0725625466575735,-0.0744394697474623,-0.0145410107647664,-0.0520923199150517,-0.00704217281923931,0.0779670554968097,0.0512930440977129,0.0541997160626436
-0.0149382209815892,0.0247617937386578,0.00542382151366889,-0.0978772854849457,-0.0536551321082669,0.0362425225982826,-0.00746415596296739,0.0281533327116721,0.0597610886904702,0.0404957661175055,-0.0947895997413136,-0.0148742936986239,0.0803036847483061,-0.0442835494381206,0.024033684392222,-0.0851751801294319,0.0115540119283745,0.0701498385025575,-0.0280557945566865,-0.0331089400870877
-0.0656540974302633,-0.0494616840149433,0.00307514332011066,0.0507009568405073,0.0608353655640665,0.00350233951017619,0.0309651936236197,-6.33783826561785e-05,-0.0520280497085957,0.0543264110327125,0.0652383140254376,0.00181941045133283,-0.0134663096948458,-0.050884406906465,-0.0424514610075141,-0.0280983168458578,0.0319521240448521,-0.0493318197712825,-0.00589672582072085,-0.0216310039191977
-0.0871610554227301,-0.0514324364610069,-0.0782626183067626,0.0138925142687956,0.0174088919279115,-0.00786480893215479,0.0241423336879871,-0.0239497277209567,0.0290710230953521,0.012568681143519,0.0316115489419774,0.0180819306984687,-0.0164127318461179,-0.0296158518220923,-0.0557345381455849,-0.0359138169107538,0.0522507440170168,-0.0582168833818793,0.00586073935069141,-0.00823405173861002
-0.0471970930460616,0.0437224847936423,-0.0195439953570287,0.00590451589893455,0.0565555110573817,0.0331225428964061,-0.0225633030672111,-0.0689619160222194,0.0428468768870218,-0.0196189894220394,-0.0385475540609739,-0.084095302828496,0.10147515341111,-0.0374947380038124,-0.0624950666533143,-0.0415264809422797,0.00989222653067304,-0.0136503651275863,-0.0593162859053,-0.0320168507191914
-0.0712840733290871,0.0137004990292797,0.0102389519431656,-0.0338006272219267,0.0663601951444899,-0.07694628798502,0.00289378639638079,-0.119656166767489,0.0388960922666362,-0.0123468255005189,-0.047547923560409,-0.0531395646353651,0.0132754829172527,-0.0721710859449149,-0.00237807890079141,0.0538654039554009,-0.0164626753767862,-0.0161660397791091,-0.0592444724054135,0.0070952545200292
-0.0556343148307654,-0.00208586148741698,-0.0189107346369321,-0.0555726544227961,0.0150864315522285,-0.0785338404756936,-0.001730066727525,-0.0549325819691511,0.0034767666619481,0.0384937452500164,0.0379871057293207,0.00225941498689722,0.0313257039742685,-0.00587396589235042,0.070007516840187,0.0354458756876837,0.0110404928845496,0.0547855096601878,0.0657523654254216,-0.0356764926238112
-0.0334669299553986,0.0173304373222824,-0.040656608333466,-0.0563866061816625,0.055568760922323,-0.0349195629315535,-0.00211605065158937,-0.0341538155893984,0.0669385436288875,-0.00613657487850948,0.0215737663745665,0.00644184718011269,0.0866284418619804,-0.0238614097891307,-0.0157638378613571,0.0902701942599126,0.0116183666065347,0.00968476259745846,-0.0296922261307031,0.0105354769647243
-0.017183585951903,-0.0146132748577976,-0.0689234448518208,-0.0124200155392834,-0.0116710474159137,-0.0203138187375475,-0.116926100061702,-0.0458605442547686,0.102399462059796,0.0108707080364546,-0.000466978077951348,-0.0038827526879099,-0.0691720129448331,0.0178783891315322,0.116819350175015,0.0157135246203891,-0.0179472705283909,-0.0161149187819442,-0.0503205321797009,0.0524540213170758
-0.0480192461301406,-0.016492094574298,0.027560443788453,-0.00279781150734923,0.0486961955051549,0.0420459073866534,-0.0225299427746425,-0.0420720735962729,0.063678051869417,-0.0520665494327054,-0.0104492839693682,-0.0164665013827803,0.110375382006953,-0.0461787811276849,0.0619227302638522,-0.00876040597010458,0.0375790535759273,0.0966015165639537,-0.0278372419720175,0.00934255055546356
0.000430987120971902,-0.0305142242222634,0.0106950698005293,0.143560589210402,-0.0939408202014488,0.0644133998275761,0.0653736147897031,-0.0974128156458209,-0.0132949568594379,-0.0319122553878063,-0.0304245591716121,0.0331539643885149,-0.0696200915177523,0.03245128363626,0.0534401100752873,-0.121630046897142,0.0419957732309472,-0.00377740178621136,-0.110819252199666,-0.134678383212515
-0.0371540399023375,-0.00998286503176352,0.0322627229854294,0.0580707580952874,-0.000934532620698624,0.0790448533856243,0.0128655165003102,-0.0729556016525008,0.0179740945710636,0.00919950414197031,-0.00383791122008066,-0.0527147849045019,0.0497096386311316,0.0492585233463926,0.0798648811912777,-0.0755346379981636,0.0566929789988299,0.0229761192417703,-0.0470160602302761,-0.0385356415360123
-0.0773923912957658,-0.0597327095602429,0.0412126209702582,0.0634431054018065,0.010661427764209,0.00349647104584382,-0.0379728132517544,-0.0572707533507279,-0.065754448209132,0.0631058749461966,0.0250277086343707,0.0178460541570676,0.0252771634995706,-0.0076488910114314,0.0767574642524492,-0.111927445838004,0.0462973245745498,0.0850670588371823,0.0233336492841646,-0.0262022190036314
-0.0714052657504385,-0.0394193159501984,0.00990747509455648,0.0130449187921517,0.0614925319849724,0.0544153779797839,0.0298920054502909,-0.0290014757956354,0.0647782955577964,0.000795512753034126,0.0129774823212442,-0.02746314805696,-0.0389330193432066,-0.00219668228020004,0.0340442409992415,-0.0350525331151838,0.0650943244944907,-0.0223656749389971,0.00182106844383693,-0.0228336281832178
-0.0167746691951139,-0.0120541344164651,0.0312245838647783,0.0160144524360436,-0.00196266525880951,-0.0936915538656343,0.0234576580656693,-0.0179787034670313,0.0218251455361073,0.0233871867918595,-0.0421194407983759,-0.0834900676976797,0.0381257850980608,-0.0831157685666018,-0.035635057168508,0.0411697499466266,-0.0145333845303663,0.0650195498146045,0.0294085958420224,-0.145541177039172
-0.0267616716941469,-0.00976006993486789,0.00361886276020515,0.101812218262604,0.00253310987618451,-0.0463475319387233,-0.013178102029178,-0.0151728285449217,0.0107258357339199,0.0361580775861524,0.0377327343208345,-0.0580264066217992,0.0681346624768851,-0.086738758798505,0.0478517132968873,0.0170574309813257,-0.0338516544243981,0.110449587714465,-0.0156006691488126,-0.115932955830637
-0.0683471582190534,0.0659573805300348,-0.00265956710092431,-0.061525504213051,-0.0039006063050323,0.0223546443439919,-0.0511899278508496,-0.104936869023541,-0.0292899056592963,-0.0366108965158166,0.0380621805674176,-0.0461701873648515,0.0147779721300021,0.0550174528521163,0.00542219605960169,0.00405977346937508,0.0396299351625307,0.0497874562269628,0.0031567252997072,-0.00476543878345548
-0.0645464131407973,-0.00158295195752216,-0.0591921007591555,-0.0676091314945882,-0.0392725024802079,-0.0448131200384733,-0.0968457464637357,-0.0103339658778421,0.0104698894690709,-0.00270534605085101,0.0157505295566312,-0.0777986274959404,-0.0138149835873437,-0.0129539907412164,0.0793421955045047,0.00965245772095609,0.0172349099302602,-0.0161011195008873,-0.0207560150685804,-0.00528560661466479
-0.0581748876357176,0.0683211916106905,-0.00771942601122616,-0.0121290684182158,0.029516509252106,-0.0150989328450282,0.0138239275103742,-0.0333648699455692,0.0231316704328757,-0.0389863075848898,-0.0382376299505885,0.0447175946475488,0.05792616537365,0.0460895363212177,-0.043374468068488,-0.00802244120142641,0.0940891058193179,-0.0348838385337472,-0.064115093300003,0.0409068281143535
-0.022079260653571,0.0414249358403285,-0.0108668893529772,-0.00625101258026424,0.00769299001671665,-0.0613695097130847,-0.092545695425438,-0.0245311877869458,0.120369795920229,0.0213767518701104,0.000314184645939542,0.061980720958914,-0.0331197990737389,0.0291991101929545,0.0156116299055961,0.0295261563170104,0.0228379559846516,0.00267805972840542,0.0361589242391385,0.0678369974932461
-0.0313609902341642,-0.0391741892413826,-0.0159264631184386,0.0954161864135129,-0.00669678463329174,-0.0236510931685504,0.0268298480259288,-0.00753271256623326,0.0269528887387654,0.0219683746537855,0.132296492136121,0.0142764477862253,-0.0531856942159622,-0.0640166615150452,-0.0691580229687293,0.00819417404418185,-0.0108497662261236,-0.00701117368533337,-0.0734146210804757,-0.0145102889996022
-0.0434220685031486,-0.0916247463297855,-0.0715669810100408,0.0372185961361818,-0.0313854842241843,-0.0820756079754682,0.047024195598612,-0.0527413668365982,-0.00771305048905085,-0.0735168023805163,0.023649089192517,0.0325475731068359,0.0346039887494434,-0.0190556225095582,0.0435571327596266,-0.0105263575464176,-0.00412992951487153,-0.0251123865454198,-0.086000500713404,-0.0713928236936923
-0.0554039092751627,-0.0519479760007589,0.0182244545149166,0.0297008965519874,-0.0439011774690052,0.0407909017662039,-0.0246783869202265,-0.131764442507267,-0.0106217640240045,0.0496656771488936,0.010794997933754,0.0389042798245463,-0.0204382346469148,-0.0793010514186002,0.0572275865612102,0.00046083799026748,0.0243446601558241,0.049373991393772,0.0110135814735005,-0.0047911583415873
-0.0100277871124485,0.0319300216838364,0.0760079164465145,-0.0133076572305193,-0.027916699983848,0.106520756724776,-0.042861865680875,-0.0359217664951188,0.0399913566156934,-0.0233463500787501,-0.0245446471295311,-0.0431739561797753,0.055058897590769,-0.0290748960432377,0.0180959702564752,0.00392486534334429,-0.00598905326683378,0.0442758758777988,-0.0150285121759212,0.00925905397608429
-0.0760627104990115,0.0477890023810991,0.0358952763649258,-0.0834620046910558,0.0485889040923213,-0.0422558940381906,-0.0444244922466879,0.0170656264000007,-0.0469747621829782,-0.0288929280278432,-0.00565230226043983,-0.0808797725429474,0.0610773137027626,-0.0354879362709668,0.0736215468622092,0.00237700058584564,-1.83523591189217e-05,-0.039269144987566,-0.0156361131783455,-0.0153707518704107
-0.0670761274589266,-0.0011685305449014,0.0174087149322507,-0.0790499853127084,0.0273937576245229,-0.00942934625292701,0.00156002934194589,0.0680011836261996,0.0397231371124301,0.0690389593981412,-0.0668614555557604,-0.0407834303438189,-0.0876709793613947,-0.0300484758375498,-0.0493366765909646,-0.107916448098933,0.00505067058126171,0.0711060732370216,-0.0014408449589699,-0.0896990303994903
-0.044658361110735,0.00956838009432594,0.0568247691615061,-0.0454564318303448,-0.0131187224583121,-0.00458737209223531,-0.00362789424415264,0.0569624946962207,0.0694046282873173,-0.00505336040488963,-0.0410562432038205,0.00254696053382205,-0.0274583704813455,-0.0119047320052712,0.0359624685407231,-0.102336568540057,0.0273626808089176,0.0456895510962557,0.028556672947403,-0.113911133205475
-0.0985474655513302,0.0627631890751016,-0.0364900541899114,0.0152409500488546,0.0398411087484386,-0.00368610479154004,0.0191046117681339,-0.0540257103577008,-0.0261926093966531,-0.00831445553520156,0.021392367317291,-0.0259455122571264,0.0451644228049029,-0.0389351157248924,0.00506647197046941,0.00398973118239673,0.0243216948430447,-0.0635247155684671,0.0472168455390877,0.0316267796692027
-0.01910333953836,-0.0539108967918597,-0.0186419529545215,0.00982966501701,0.025546953955952,-0.103627649560504,0.011109744670242,-0.0270783186565639,0.0338049877423982,-0.00488816749812437,0.0143455613821259,0.0264960349887038,0.0996181260534664,-0.0211328410234627,-0.0464791912671654,0.058723968527641,-0.00745324211062615,-0.0349802725882621,0.00604276327965213,-0.00512211893063838
-0.0240590795665769,-0.0591188873749448,-0.0316566766602724,0.0182902364684158,-0.0200025470551391,-0.0504646326778782,0.0204078087416139,-0.000786521749305004,-0.013108548783761,0.0262362155878195,-0.00744656518915333,0.0207425099860748,0.0513253602139618,-0.0468343839556788,0.0457974916014586,0.0241048536334269,-0.0170585112022212,-0.0279649743446087,0.0232131300850069,-0.11935698105332
-0.0524052829401963,-0.0208469419239384,-0.0195947146266997,0.0656757150552243,0.00425006587590246,0.0164119772956909,-0.0358564472616571,-0.0152934291760231,0.0695487995763154,0.0016235689462842,0.0345052499578344,-0.0570449855798231,-0.0564296858673627,-0.0213214361572293,0.0108286655212808,0.0229527391834779,-0.020313748150894,-0.0389833500433241,0.00504168808877861,-0.0492689158723276
-0.054949532319733,0.0304511386048135,-0.00335259820873619,-0.0249839413723902,0.00586980725815627,0.0137723077918488,-0.037246770909807,-0.0104285891879496,0.0464314346888823,-0.0300794233966941,-0.0493859291422172,-0.087745716683066,-0.0300001406192671,0.0370018089897103,0.0361863527533372,0.00404096680485383,0.0483259405449532,-0.0212458859121156,0.033989645503537,-0.0585813816000278
-0.024870477858437,0.00559370734191763,-0.0361758724491566,0.0382015228144829,-0.0477359987662802,-0.0105062107614839,0.020097964068933,0.0429161933994365,0.0494437784652244,0.0214872843524492,0.00455901869364408,-0.0110059254641506,0.0264924457487145,-0.0105413780362007,-0.0221165503928748,-0.112610023253699,0.00382130965749214,0.00455175331135091,0.0269891260921906,-0.0667885638854173
-0.0386879000166376,-0.00857410779141542,-0.000525248455315293,0.00688210311677924,-0.0205084909371212,0.0521973904618027,-0.0542288210470887,0.048784390111235,0.131331509981025,-0.055311699451339,0.0402459732636158,-0.0406279105500309,-0.0392296028579005,-0.00713540412658942,-0.0572570843593566,-0.052311154845758,0.0432729942311514,-0.0272248654692155,0.0260117762961406,0.00293525677430164
-0.0218878586111829,-0.0355618685622027,-0.0143853855290767,-0.00264187828544345,-0.03811857549245,0.0034034453917088,-0.0159800189992921,-0.0755229930288627,0.00995038839032133,-0.00669045990253489,0.0710997339572194,0.0607401546968163,-0.032465055395166,0.0710665859816995,0.039326145321458,-0.0325127369544935,0.0394035728769694,0.098844630205091,-0.0564716777427906,0.0297800253446659
-0.036887274420042,-0.0120499312924093,-0.0515701007611349,-0.0571176503850511,-0.108421253143994,0.042596325301786,-0.0167321056915864,-0.0313176003719323,0.0298859806886443,-0.0301486548145089,-0.00803346279584777,-0.0393380977074784,-0.00436039337411868,0.0528411298672276,0.0434199486758945,0.00341804914057492,0.011120218637852,0.031635196977841,-0.0429030027933488,-0.0270310743118756
-0.000216226094328773,0.0777434195181563,0.0538751492927134,-0.0359188445511182,0.0128096890246406,-0.00710793571568145,0.0271181866404818,-0.140294506854119,-0.0606230993864287,-0.0565245778776182,-0.107507368650018,-0.00802517482389514,-0.0228567086445776,-0.00433766518430035,-0.00049298442764034,0.00553224187149305,-0.0451270245222449,-0.0454388572148843,-0.0927162259133963,-0.115865666715465
-0.0219171006913851,0.00232745293115833,0.0685348876635121,0.0730094895097515,0.00490108399307221,0.117202481698319,-0.0591300228469788,-0.069742933327425,-0.0438581877078417,0.0344097671377222,0.0365967544374651,-0.0151410726454523,0.032632367978874,0.0446158720816735,0.0397265959412276,-0.0105728306595786,0.0411874650394204,0.0731940589684753,0.0853986808473067,0.0310012763493503
-0.0449140400982898,-0.0390926460394188,-0.016094494175817,-0.0287178690652267,0.00222559756547391,-0.00723604901095049,-0.0597237315304688,-0.0215951461892739,0.0430494833512612,-0.0311296903778115,-0.0646751390824364,-0.0548652074582014,0.0640615701537581,-0.101897239047232,-0.0112224110895387,-0.0476472232304443,0.053764617742713,0.068962838630878,0.00339003575322936,-0.00139511480056443
-0.0360115567592059,0.0783490172497538,-0.0490072696827997,-0.0546143882243145,0.00908342879254883,-0.0698472455607889,-0.063607293224035,-0.0622441656395846,-0.00415685739179744,0.00131879793247842,-0.00859085437638366,-0.00787784790649992,-0.0427967421936064,0.100521510737731,-0.0502471141554993,-0.0237515699810854,0.0431594071595504,0.0670399836154953,-0.0796780497678944,0.0167450771817399
-0.0269322745589724,0.0134352674597862,-0.0218728514622446,-0.0315937730676686,0.055270625945082,0.0343451205729201,0.0529502352836934,0.115050208791659,0.0535618771298131,-0.0567313908366698,0.0362731072327611,-0.117087968839836,0.051411961991258,-0.0103966199147284,-0.0545713548137618,-0.0341426393154796,0.0290617393856145,0.0150032714795291,-0.0822685699049792,-0.063768157123657
-0.027052682444883,0.0328903563655636,-0.0525515228706476,-0.0378208333116428,-0.0249737295936629,0.0345366453882114,-0.00350804612236116,-0.0238266295093908,0.0591655336327647,-0.0459670962673821,0.0600174773483878,0.0373312042653604,-0.0561968633765704,-0.0335749424284611,0.0117302912901822,0.0122938022617842,0.0124163628959883,0.0732216791986034,-0.027724030046637,-0.0260835062925853
-0.0638903815923805,-0.0167919106286786,0.0201095635238186,-0.0428897184467705,0.0426530622338842,-0.041157160351967,0.0460497617238331,0.0359699894054666,0.10756492178165,0.0486570901592549,0.0232676643006508,-0.0577677870293486,-0.070207912027385,-0.0346099090273289,-0.0579604686059168,-0.0675991371136189,0.0286180937007286,0.0353668337505099,0.0203202752192797,-0.00646565143673097
-0.0684769566215279,0.0171500426211922,0.0464289374157682,-0.0277925878275572,0.0677527155506109,-0.0288025006913178,0.0543591471118806,-0.00723379079771095,0.00536461455968307,-0.0216432849197472,0.0179362304686411,-0.0359876529717602,-0.0249639422302596,-0.0562241347421592,-0.00995711708686457,-0.0223918650849949,0.030749134180041,-0.0300647355455842,0.0783785129634451,0.00465598602050877
-0.0281475055142947,-0.00272930651559708,-0.0041386025207998,0.0557487718988274,0.0190514928822546,-0.0777784097255707,0.0792273078998975,-0.0648667087653688,0.0184681543395929,-0.047684033532821,-0.031486397778676,0.0165005027734247,-0.0155141077743554,-0.0951333721732107,0.021773775122966,-0.0158156626778516,0.00551545969079496,0.0190035516716834,-0.0285455386108053,0.00596794496889534
-0.0394199902541984,-0.0227349511445032,-0.00920253679824497,0.00820373564381549,-0.0192942841130102,-0.0605111332123741,-0.0459965107320068,0.0128098054999025,0.0065192080853893,-0.0233107767440011,0.0263610135506731,-0.0788879016639226,0.0624871139971214,-0.0427132742127192,0.057720877140137,-0.0652180469272495,0.00604572350866402,-0.0394358710293793,-0.0553693626097408,0.0579010810267731
-0.0575485096878035,-0.00162584441113717,0.0549659057719161,0.0160039715048878,0.0570487411519974,-0.0452267842590804,0.0129663630847546,-0.0486832007132422,-0.0101426959237671,-0.0789019141945798,-0.0267204918403777,0.0644552286462558,0.00651880912939876,-0.0360713396685358,0.0660264626428123,-0.0354756021002362,-0.0182069317035443,-0.0149668790500224,0.0663654935435256,-0.0460411571224696
-0.0203325295483886,-0.0115341572892834,-0.0539091945745098,-0.0337142135794839,0.0302033763812837,0.0481082876757452,0.000357102818101947,-0.0225188269556394,-0.037679801808775,-0.0358783530821162,-0.0585717951488814,-0.0183220832392965,0.0514237419973971,-0.0564851418277261,-0.0655785366132377,-0.00578034868896608,0.00565428105457244,-0.12116714989925,-0.0985856085196526,-0.0317730226747904
-0.0539351334751262,0.0986393680715035,-0.0186024862124526,-0.0291092140005119,-0.0203505221967523,-0.0619148923368347,-0.105051127838379,-0.0322564767684638,-0.0536405358288748,-0.0226769096064811,-0.0324505992102601,0.0361001084564895,-0.027959345041866,0.022426643517096,-0.00653139132315973,0.00574434164301169,0.0556447450666337,0.000694824780585901,0.00394397594354626,-0.00194780111872832
-0.0686793876185136,-0.0435919261491567,0.00852787130130489,-0.0688568123328497,-0.0172599606419503,0.0422068446615985,0.0171406235762644,-0.043200704810222,-0.0405266590168409,-0.112383421588749,0.00109057766669843,-0.0392977358938687,0.0753356361498977,-0.0489463319560579,0.0400620847593839,-0.000456633208855843,-0.00279734306609707,-0.00949043133190346,0.00741322878539725,-0.0739499977470116
-0.0891229953728037,0.0309504158122732,0.0119128922588806,0.0803966322556816,0.0419468597262037,-0.0314119622744677,-0.0192212459290644,-0.0597190314997692,-0.0790985558611008,-0.0448919268111916,0.0532331378320174,0.00914324061239764,0.0115299213696485,-0.0342079556749549,0.0473545394609296,-0.0948513938900896,0.0630296642325998,0.0354575878376095,0.0239969312277021,-0.03628678360345
-0.0798384823407321,0.0187476000320371,-0.0481389554354786,0.0464179269336191,0.0443615970214566,0.0508418957140433,-0.0100118676961437,-0.0384413985844858,0.0058224605521522,-0.0735519639510924,0.061835797293667,-0.0181196175518892,0.0928306409081816,0.033644911824299,0.019765436056729,-0.0361979642137994,0.0561760361021848,0.0430941350096602,0.0445673408791884,0.0374148843140603
-0.0231643670414061,-0.0161334361756763,0.0993944390717673,0.0999026205812543,-0.0353523096148406,0.0736095703884696,-0.0228530701247598,-0.0877980326244611,0.0544542111170277,-0.00555028552865255,0.0369449122853302,-1.54827575823859e-05,0.00809075461394653,-0.0347259590136735,0.0182238787157425,-0.0479250461035699,0.056947404651127,0.0107171861576456,-0.00594397260439207,-0.0188101725556883
-0.0248861112971122,0.0387632066337428,0.120643947232019,-0.0333825077364932,-0.0504842515337336,0.00492712647300562,-0.0387911923059731,-0.034522697003301,-0.0160564711521938,-0.0872025140582943,0.0782540756611473,-0.0198418782904649,0.0245023891814385,-0.0340549829617789,-0.0449390558443703,0.0314546743861709,0.031994839707214,-0.0442590187396153,-0.0618005757390849,-0.0530160468520818
-0.0285088475374703,0.0635066623112966,-0.026720570052406,-0.0700321285923473,-0.0546784368330673,0.022192564089834,-0.0553135674867642,-0.0352164081395336,-0.0321190939739942,-0.00875422189593942,-0.0186319665501118,-0.000962923917221656,-0.0230681589280505,0.0725868126877723,0.033768034390359,-0.0223488825075708,-0.011696609951366,-0.0751612174740903,0.0448592117642228,-0.0123144251797404
-0.0172167463389361,0.027781861404041,-0.0172673365257939,-0.063121086194494,-0.0317179518979152,0.0184205396466533,-0.0435853201955161,-0.00995796438452933,0.00925990247547677,-0.0114880193048636,0.0253809441734372,0.0375368259712087,-0.0940742799456205,0.00710708475320649,0.00624864888518665,0.023683925175102,-0.00869136391408997,-0.0116347726615419,-0.044128384511503,-0.0486264519716097
-0.00166907792586636,0.00832046570203831,0.0195711354777186,-0.00400921847045162,-0.0249238405056541,-0.00943286371671282,-0.0841414131114547,-0.0624924490830464,0.0698907780625584,-0.0041734999434111,-0.0394685351294238,0.0454004668111633,0.0125380864691156,0.0637049597465717,-0.0163124521627992,0.042010425644581,-0.0131026671358081,-0.0454412887361648,0.0122555299642189,0.0546031665944183
-0.0186092646211792,0.083345200968669,0.0628971882226148,-0.062815557697323,-0.0372409437919286,0.0596490125453095,0.0626417889667576,-0.0438994925303593,-0.0269861327487167,-0.0515153987487938,-0.0588021319372818,-0.00896270156050584,0.0901778286735724,-0.00343628928368024,-0.0110938739226287,0.0181526121813303,0.00367672241533018,-0.0225935570709471,-0.0260679912125468,-0.0121769082950112
-0.0340491936336471,0.0825131060095613,-0.0352136903286644,-0.0144373332714404,0.00426601464048571,-0.0103726165313204,0.0333982186374187,-0.076288151250268,0.00722491922318859,-0.0654113227954789,0.0225853721976528,-0.0562431805646737,0.00114420255306786,0.0307489893289502,0.0485357353767419,0.0636761541045758,0.0356713250562343,0.0408565267952454,-0.00494104307202449,-0.100551611288075
-0.00634017227256929,-0.106404873540558,0.0398613772894289,0.0762942165630339,-0.0848010845597106,0.0471512174332414,-0.0416169085105934,-0.0623301603652865,-0.0565662274770536,0.0404135784766894,0.0403463032992153,0.0363952694838595,-0.0613362724955765,-0.0787637283163971,0.107692023113165,-0.0475067590410696,0.0231393428073923,-0.0391639986128093,-0.031779229144318,-0.0733810958092786
-0.0366151083688943,-0.0307955169023951,-0.0367115490744878,-0.0290986770740429,0.0278064495441802,-0.113625852615207,0.0407250466473489,-0.0449039153633905,-0.0416868002515297,-0.0575479857899741,-0.0319429436507261,0.09904447190799,-0.00306510726458036,-0.0340194604291718,0.0106155982783916,0.0184519704221561,0.00932074150381358,-0.0280621139889307,0.0500020688607856,-0.0190993143794415
-0.0556965896958566,-0.0638119887957311,-0.0225227810723511,0.0287578984132298,0.0046399179967419,-0.0817439873120311,0.0555643689962361,-0.0362293083760453,-0.00160282798555507,-0.0442629044932472,0.0199989425186458,0.015242029438076,0.0651872416858123,-0.0240330303398172,-0.0436749716166828,0.00180550436976082,0.0192186576076316,-0.0289419193265355,-0.00805260416531266,-0.0144892885970428
-0.039516213762329,0.100506886615181,0.00016130117980919,0.00719936136676318,-0.0410787008382833,0.0142637405014042,-0.033866143675885,-0.0657803192883814,-0.00965240115019516,0.0694931886004021,0.0116547876321566,-0.0372988494548689,0.0351590876094375,-0.00608575387172478,-0.0112407396265154,0.00588065552012262,0.0422931158289271,-0.0580697200947068,-0.00371864284546699,0.0295902204748677
-0.0412361527133181,0.0332219043674975,0.0177837518055149,-0.0383371924198431,0.000653377063871904,-0.0448914303390419,0.033440613836624,-0.0144212862792361,0.115494448208467,0.0297398882098775,0.066953404974757,0.0291616586335034,-0.042874032688978,0.00946511414794309,-0.00923548666315226,-0.00663291076761254,0.0185595905942843,-0.020138384536055,0.0462351952640009,-0.00343713303585623
-0.0436807843831915,0.0363221630855624,0.020781545401003,-0.068001442888645,0.031046749300256,-0.0261218497326724,-0.121317139982142,0.0606165365190188,0.0211480728703169,0.0222979717262316,-0.0281847791306216,0.00136828745750547,0.0524920109615298,-0.0606863090475085,-0.00603632703383778,-0.0496108205740526,0.0107050892772931,0.000270284864051325,-0.0348457360186178,-0.0844255005311433
-0.0384311333735341,0.0361571430790752,0.084234246036098,-0.0026510791773929,0.00485088271545966,0.073342603800967,0.00110968337646171,-0.0604769011261392,-0.00756454628949169,-0.0394640614704474,0.0274708563806666,0.0236070739147072,0.0201185770592821,-0.0266414704747968,0.0247605987854757,-0.010502994679873,0.0320966428537619,-0.0274620795412215,0.0613616565115739,-0.0278692103097518
-0.0473434234103225,0.0292151551088025,0.0647188810606579,0.0312768036348146,0.0573530775104369,0.00412581570657719,0.0348648381444569,-0.0162578042371837,0.00795544270966768,-0.0345433390096995,0.0795695108413537,-0.0205719831330154,0.102061273513243,-0.0112691562073999,0.0400629883047916,-0.00874983101761167,0.0406120702634383,0.0349859352628326,0.0978133576123946,0.058644175163465
-0.0522076365435252,-0.0506566183548127,-0.0689422940394012,-0.0146831732923202,-0.0276849617843967,0.0112384086095962,0.0104164538088466,-0.00366445993412926,-0.0052898974558756,0.0277227973480288,0.0729139778293751,0.0241707739271809,0.0276391846424223,0.043756545238568,-0.027851043063666,-0.0223182924065201,0.00674921641429757,-0.0959228996730711,-0.00356409720699331,-0.0174975009286876
-0.0630822696066734,0.0054284602220103,-0.0661326126697869,-0.0345839022863738,-0.0191021773520746,0.0165745323898371,0.0423802710915872,-0.0724104475138349,-0.0145949724964456,0.0786655193747868,-0.000843193296072397,-0.078425350146846,0.0283141689261612,0.00488971352401502,0.0568763993590639,0.0195866043028014,0.00914560100347626,-0.0726598939715931,0.0392345535721746,0.0528002273377278
-0.00751876025870038,-0.0848096124824283,-0.0331378066570498,-0.060514374002708,-0.0947769756743892,0.0485764103315195,0.0252332959102479,-0.0362199092544226,0.0422897226111969,-0.0604657353534469,0.0959740228820242,0.0788878008667617,0.0784463220024011,-0.000241746006409064,0.0606446120162743,-0.00945658388262081,0.0133034161245495,0.0758254757122503,-0.0187052844440972,0.0465989202997596
-0.050462169823861,0.0446116935651986,-0.037641569522752,-0.0375724818289328,-0.0158569455726015,0.0652886081020902,0.00518660994154125,-0.0800532251032676,0.00628330023898243,-0.0745208031676699,-0.0199232726155955,-0.0380541634447816,0.0175921820158851,-0.036155847977147,-0.00348839537013013,0.0327953120701157,-0.00321253690723939,-0.0429916795881257,-4.00091909972623e-05,0.0236184048849714
-0.0405580192752991,-0.00197458319076661,-0.057529321579699,-0.00041867070535426,0.00932930569712988,-0.0343993450826421,-0.00895265721178467,0.0126394158552336,0.0962146695257133,-0.0152368427458552,-0.0182628777081461,-0.00884133884291165,-0.0644678573198632,-0.0199961302283069,0.031394405405181,-0.0198583960719604,-0.045237959167464,-0.0520534255796649,0.0222264495407266,0.0418604118244933
